0.000000 -15  2  3 #
0.000000 -14 10  3 #
0.000000 -13  0  9 #
0.000000 -12  4  9 #
0.000000 -11 14  1 #
0.000000 -10  5  8 #
0.000000 -9  7  1 #
0.000000 -8  8 13 #
0.000000 -7  3  4 #
0.000000 -6 13  3 #
0.000000 -5 13  5 #
0.000000 -4  5  3 #
0.000000 -3  3 14 #
0.000000 -2 11  7 #
0.000000 -1  7  8 #
0.001286 13  1 13 N
0.013779 13  2 13 N
0.105474 13  2 13 n
0.005339 12  5  4 M
0.029860 12  5  5 M
0.071883 12  5  6 M
0.148090 12  5  6 m
0.001119  7 13  7 H
0.047343  7 14  7 H
0.092605  7 13  7 H
0.116164  7 14  7 H
0.152817  7 14  8 H
0.250218  7 14  8 h
0.005020 11  8  9 L
0.053768 11  9  9 L
0.071731 11  9  8 L
0.110932 11 10  8 L
0.125785 11 10  9 L
0.162943 11 10  8 L
0.258344 11 10  8 l
0.000912  1  9  5 B
0.044458  1 10  5 B
0.081836  1 10  6 B
0.125889  1 10  7 B
0.144207  1  9  7 B
0.165482  1 10  7 B
0.263659  1 10  7 b
0.001611  5  7  7 F
0.014024  5  7  6 F
0.038565  5  6  6 F
0.073360  5  6  5 F
0.119115  5  6  6 F
0.139528  5  6  7 F
0.185927  5  6  8 F
0.282229  5  6  8 f
0.001381  3  8  8 D
0.015448  3  8  8 d
0.515930 -1  7  8 #
0.001258 10  5  7 K
0.018037 10  5  7 k
0.518786 -10  5  8 #
-1 15 15 15
