0.003097 20  9  1 6
0.073872 20 15 15 6
0.003070 17  6  1 9
0.077544 17 15 15 9
0.002893 24 12  1 1
0.088589 24 15 15 1
0.003020 21  8  1 7
0.093334 21 15 15 7
0.003129 23 14  7 2
0.112119 23 15 15 2
0.003062 19  3  3 2
0.083937 19  4  3 2
0.122048 19 15 15 2
0.002966 18  8  2 5
0.122071 18 15 15 5
0.002953 15 12 10 0
0.132270 15 15 15 0
0.003110 22 10 10 2
0.158200 22 11 10 2
0.169468 22 15 15 2
0.003028 16  2 14 0
0.129519 16  1 14 0
0.198057 16 15 15 0
0.004803  3  8 14 D
0.054791  3  8  0 D
0.088424  3  9  0 D
0.130879  3  8  0 D
0.155353  3  7  0 D
0.184009  3  7 14 D
0.261150  3  7 14 d
0.002869  1  3 12 B
0.038391  1  3 11 B
0.064877  1  3 12 B
0.082219  1  3 13 B
0.095014  1  3 14 B
0.129535  1  2 14 B
0.149921  1  2  0 B
0.193014  1  1  0 B
0.204814  1  1  1 B
0.223133  1  1  2 B
0.271615  1  1  1 B
0.003073 10 10  1 K
0.025208 10 10  0 K
0.073828 10 10  1 K
0.098632 10 10  0 K
0.130953 10  9  0 K
0.162548 10  8  0 K
0.206067 10  8 14 K
0.300098 10  8 14 k
0.003004  2  5 13 C
0.015601  2  6 13 C
0.039832  2  5 13 C
0.050778  2  6 13 C
0.089652  2  6 12 C
0.138007  2  7 12 C
0.184000  2  8 12 C
0.195696  2  9 12 C
0.236946  2  8 12 C
0.261506  2  8 13 C
0.308669  2  8 12 C
0.327320  2  7 12 C
0.348869  2  7 13 C
0.414382  2  7 13 c
0.003306 11 11  5 L
0.023292 11 10  5 L
0.073887 11 10  6 L
0.110216 11 11  6 L
0.145261 11 11  7 L
0.185365 11 10  7 L
0.200648 11 10  8 L
0.258476 11 10  7 L
0.274366 11 10  8 L
0.323435 11 11  8 L
0.342032 11 12  8 L
0.369397 11 13  8 L
0.396408 11 13  7 L
0.432978 11 12  7 L
0.455058 11 12  8 L
0.473851 11 12  7 L
0.492211 11 13  7 L
0.508380 11 13  6 L
0.525001 11 13  7 L
0.561027 11 13  6 L
0.581394 11 12  6 L
0.660828 11 12  6 l
0.003003  8  1  9 I
0.032907  8  0  9 I
0.071132  8  0  8 I
0.082209  8 14  8 I
0.120463  8 13  8 I
0.139430  8 13  7 I
0.182763  8 13  8 I
0.218962  8 14  8 I
0.266590  8 14  7 I
0.305179  8 14  6 I
0.323517  8 14  5 I
0.342137  8 13  5 I
0.370702  8 13  4 I
0.413177  8 13  3 I
0.459593  8 12  3 I
0.477875  8 11  3 I
0.503085  8 11  4 I
0.549344  8 11  5 I
0.576549  8 12  5 I
0.677786  8 12  5 i
0.003010  7  0 10 H
0.025002  7 14 10 H
0.038401  7  0 10 H
0.076354  7 14 10 H
0.124450  7  0 10 H
0.140840  7  0  9 H
0.157901  7  1  9 H
0.193006  7  1 10 H
0.238354  7  1 11 H
0.283480  7  1 12 H
0.327366  7  1 13 H
0.363891  7  1 14 H
0.378747  7  1  0 H
0.422949  7  0  0 H
0.471151  7 14  0 H
0.483195  7 14 14 H
0.514769  7 14 13 H
0.559331  7  0 13 H
0.588498  7  0 14 H
0.628461  7  1 14 H
0.656793  7  2 14 H
0.700851  7  2  0 H
0.002802  0 12  9 A
0.044481  0 13  9 A
0.058415  0 13 10 A
0.073852  0 13  9 A
0.110482  0 13 10 A
0.158156  0 14 10 A
0.177193  0 13 10 A
0.221701  0 13 11 A
0.259967  0 13 10 A
0.288506  0 13  9 A
0.335942  0 14  9 A
0.386269  0 13  9 A
0.413300  0 13  8 A
0.475171  0 12  8 A
0.490822  0 13  8 A
0.508262  0 13  9 A
0.536711  0 13  8 A
0.550760  0 12  8 A
0.584995  0 11  8 A
0.616383  0 11  7 A
0.702196  0 11  7 a
0.003060  4 11 12 E
0.044559  4 10 12 E
0.068575  4 10 11 E
0.094759  4 10 12 E
0.117899  4 10 11 E
0.158209  4 10 10 E
0.172138  4 11 10 E
0.185372  4 11  9 E
0.202183  4 10  9 E
0.226290  4 10 10 E
0.268150  4 10  9 E
0.315300  4 11  9 E
0.353344  4 11  8 E
0.369413  4 12  8 E
0.382374  4 12  9 E
0.399070  4 11  9 E
0.416904  4 10  9 E
0.454881  4 10 10 E
0.479267  4 10  9 E
0.506908  4 11  9 E
0.525013  4 11  8 E
0.560592  4 10  8 E
0.617450  4 11  8 E
0.709729  4 11  8 e
0.002968 13  7  1 N
0.046184 13  7  0 N
0.076459 13  7 14 N
0.100162 13  6 14 N
0.145270 13  6  0 N
0.175928 13  6  1 N
0.224628 13  5  1 N
0.268244 13  6  1 N
0.312557 13  5  1 N
0.332246 13  4  1 N
0.371956 13  5  1 N
0.400383 13  4  1 N
0.431883 13  4  0 N
0.464715 13  4  1 N
0.490866 13  4  0 N
0.540281 13  5  0 N
0.567751 13  5  1 N
0.607626 13  4  1 N
0.625621 13  3  1 N
0.651504 13  2  1 N
0.717691 13  2  1 n
0.003041  9  3  5 J
0.044397  9  3  4 J
0.084013  9  3  3 J
0.129527  9  3  2 J
0.158255  9  3  3 J
0.191761  9  2  3 J
0.224824  9  3  3 J
0.248225  9  3  4 J
0.288679  9  3  5 J
0.301404  9  3  4 J
0.319930  9  3  3 J
0.351638  9  2  3 J
0.373157  9  2  4 J
0.396416  9  2  3 J
0.431585  9  2  4 J
0.464637  9  2  3 J
0.493488  9  3  3 J
0.532968  9  3  2 J
0.577918  9  3  3 J
0.606299  9  2  3 J
0.655284  9  2  4 J
0.688009  9  2  3 J
0.736404  9  2  4 J
0.784751  9  3  4 J
0.807555  9  4  4 J
0.842175  9  4  3 J
0.857903  9  3  3 J
0.873947  9  2  3 J
0.903712  9  2  2 J
0.968301  9  2  2 j
0.003101 12  8  4 M
0.046094 12  9  4 M
0.068570 12  9  3 M
0.113185 12  9  2 M
0.152665 12  9  1 M
0.174531 12  9  0 M
0.221741 12 10  0 M
0.262649 12  9  0 M
0.282050 12 10  0 M
0.325953 12 10  1 M
0.366689 12 11  1 M
0.378760 12 10  1 M
0.396423 12 11  1 M
0.438811 12 11  0 M
0.464655 12 11  1 M
0.505559 12 10  1 M
0.517191 12 10  0 M
0.536588 12 11  0 M
0.568935 12 11 14 M
0.614030 12 10 14 M
0.641289 12 11 14 M
0.672559 12 10 14 M
0.716407 12 10 13 M
0.736647 12 10 12 M
0.753051 12  9 12 M
0.796606 12  8 12 M
0.822568 12  9 12 M
0.867883 12  9 13 M
0.908818 12 10 13 M
0.930734 12 10 14 M
0.950194 12  9 14 M
1.016130 12  9 14 m
0.004873  5  4  9 F
0.030153  5  3  9 F
0.072413  5  2  9 F
0.111929  5  3  9 F
0.158217  5  3  8 F
0.187000  5  2  8 F
0.226299  5  1  8 F
0.243216  5  1  9 F
0.288514  5  0  9 F
0.308681  5  0  8 F
0.339543  5  0  7 F
0.358303  5  0  8 F
0.408210  5  1  8 F
0.434215  5  0  8 F
0.460873  5  1  8 F
0.480615  5  0  8 F
0.526293  5  0  7 F
0.573902  5 14  7 F
0.622855  5 14  6 F
0.652647  5 14  5 F
0.664599  5 14  4 F
0.697043  5  0  4 F
0.745639  5  0  3 F
0.763023  5  0  2 F
0.804857  5  0  1 F
0.817489  5  0  2 F
0.857893  5  0  3 F
0.886629  5 14  3 F
0.916627  5 13  3 F
0.945304  5 13  2 F
0.976232  5 12  2 F
1.023969  5 11  2 F
1.073242  5 11  3 F
1.109179  5 10  3 F
1.148281  5 10  4 F
1.184752  5 10  3 F
1.211578  5 10  4 F
0.002994 14  0 14 O
0.014224 14  1 14 O
0.030031 14  0 14 O
0.066173 14 14 14 O
0.116309 14 13 14 O
0.143439 14 14 14 O
0.182774 14  0 14 O
0.210701 14  1 14 O
0.221550 14  1 13 O
0.234223 14  1 12 O
0.261415 14  2 12 O
0.305024 14  2 11 O
0.330743 14  1 11 O
0.342022 14  0 11 O
0.375962 14  1 11 O
0.424651 14  0 11 O
0.468608 14  1 11 O
0.487497 14  0 11 O
0.533048 14 14 11 O
0.570271 14 13 11 O
0.607834 14 14 11 O
0.620145 14 13 11 O
0.632153 14 13 12 O
0.652676 14 12 12 O
0.691933 14 11 12 O
0.708478 14 12 12 O
0.748050 14 11 12 O
0.759599 14 10 12 O
0.808808 14 11 12 O
0.819187 14 10 12 O
0.861217 14 11 12 O
0.905104 14 10 12 O
0.930827 14 10 13 O
0.953156 14 11 13 O
0.977957 14 11 12 O
1.002231 14 10 12 O
1.024138 14  9 12 O
1.058512 14 10 12 O
1.086464 14  9 12 O
1.101038 14  9 11 O
1.116123 14  9 12 O
1.140658 14  8 12 O
1.154122 14  8 11 O
1.194259 14  8 10 O
1.238582 14  7 10 O
1.275787 14  7  9 O
1.313475 14  7  8 O
1.326679 14  6  8 O
1.360141 14  5  8 O
0.003120  6 14  8 G
0.053639  6 13  8 G
0.088514  6 13  7 G
0.106753  6 13  6 G
0.155215  6 12  6 G
0.190479  6 11  6 G
0.207449  6 10  6 G
0.218768  6 10  7 G
0.257252  6  9  7 G
0.283569  6  9  8 G
0.326048  6  8  8 G
0.354795  6  7  8 G
0.377302  6  8  8 G
0.397932  6  8  9 G
0.418132  6  7  9 G
0.432896  6  7  8 G
0.464645  6  7  7 G
0.476573  6  8  7 G
0.503162  6  8  8 G
0.545812  6  8  9 G
0.568837  6  8 10 G
0.592139  6  8  9 G
0.616392  6  9  9 G
0.635959  6  8  9 G
0.652629  6  7  9 G
0.697049  6  7 10 G
0.738999  6  7 11 G
0.750614  6  7 10 G
0.801359  6  8 10 G
0.832366  6  8 11 G
0.869185  6  8 10 G
0.916618  6  8 11 G
0.928218  6  8 12 G
0.963125  6  9 12 G
0.979404  6  9 13 G
1.004756  6 10 13 G
1.025370  6 10 12 G
1.038975  6 11 12 G
1.080968  6 11 13 G
1.093704  6 10 13 G
1.126397  6 11 13 G
1.163826  6 11 14 G
1.198577  6 11  0 G
1.243778  6 12  0 G
1.282607  6 13  0 G
1.297582  6 13 14 G
1.310367  6 13  0 G
1.351514  6 13  1 G
1.362664  6 13  2 G
1.403463  6 13  3 G
1.422232  6 13  4 G
1.449127  6 12  4 G
1.483248  6 13  4 G
1.495870  6 12  4 G
1.592608  6 12  4 g
-1 15 15 15
