-1  15  15  15
 0.000000000  0  2  8 A
 0.002832895  0  2  8 a
 0.000000000  1  2  9 B
 0.002928911  1  2  9 b
 0.000000000  7  14  9 H
 0.003531869  7  0  9 H
 0.033785961  7  1  9 H
 0.066142780  7  1  8 H
 0.095172358  7  1  8 h
 0.000000000  11  0  0 L
 0.003929731  11  14  0 L
 0.041286208  11  14  1 L
 0.058871687  11  14  2 L
 0.078908482  11  13  2 L
 0.105382174  11  13  1 L
 0.125326590  11  14  1 L
 0.137656528  11  13  1 L
 0.174834387  11  13  0 L
 0.197297030  11  12  0 L
 0.215471423  11  13  0 L
 0.252406262  11  12  0 L
 0.273964508  11  13  0 L
 0.316111407  11  13  14 L
 0.341501917  11  12  14 L
 0.359502762  11  13  14 L
 0.378006396  11  12  14 L
 0.395263093  11  12  0 L
 0.437640519  11  12  14 L
 0.000000000  14  0  7 O
 0.004226903  14  0  6 O
 0.053069073  14  0  7 O
 0.067881310  14  0  6 O
 0.117007132  14  0  7 O
 0.139805031  14  1  7 O
 0.174236917  14  1  6 O
 0.213265267  14  1  7 O
 0.234793559  14  0  7 O
 0.279720134  14  0  8 O
 0.315254755  14  0  9 O
 0.362483766  14  0  10 O
 0.392025039  14  0  11 O
 0.442052098  14  0  10 O
 0.454988107  14  1  10 O
 0.496370158  14  0  10 O
 0.000000000  6  9  10 G
 0.003430607  6  8  10 G
 0.017563870  6  9  10 G
 0.058221116  6  9  9 G
 0.078020057  6  9  8 G
 0.094388630  6  9  9 G
 0.136641657  6  9  10 G
 0.183219108  6  9  11 G
 0.195289920  6  9  10 G
 0.228070514  6  8  10 G
 0.276184925  6  8  11 G
 0.317593916  6  8  10 G
 0.349157542  6  8  11 G
 0.372320631  6  8  10 G
 0.408626536  6  9  10 G
 0.447753404  6  10  10 G
 0.467155690  6  10  11 G
 0.508006189  6  10  10 G
 0.529081115  6  10  9 G
 0.541569084  6  10  8 G
 0.569778049  6  11  8 G
 0.611618243  6  10  8 G
 0.000000000  2  12  9 C
 0.003031700  2  13  9 C
 0.019677148  2  12  9 C
 0.044274929  2  13  9 C
 0.056485018  2  13  10 C
 0.097088387  2  13  11 C
 0.136836357  2  14  11 C
 0.151221706  2  14  10 C
 0.169939158  2  0  10 C
 0.213091103  2  14  10 C
 0.225597071  2  14  11 C
 0.273625418  2  13  11 C
 0.292191413  2  13  12 C
 0.302871541  2  14  12 C
 0.352699597  2  14  13 C
 0.369289404  2  0  13 C
 0.402036577  2  14  13 C
 0.450415884  2  14  12 C
 0.463186734  2  14  11 C
 0.474259725  2  0  11 C
 0.496414180  2  0  12 C
 0.517447241  2  0  13 C
 0.532004874  2  1  13 C
 0.552306490  2  1  12 C
 0.585125784  2  2  12 C
 0.618545911  2  1  12 C
 0.654420572  2  0  12 C
 0.695070286  2  0  11 C
 0.716879646  2  0  11 c
 0.000000000  12  1  5 M
 0.004021106  12  2  5 M
 0.014971669  12  3  5 M
 0.051490413  12  3  6 M
 0.077727560  12  3  7 M
 0.110075720  12  3  6 M
 0.131277522  12  4  6 M
 0.149368565  12  4  7 M
 0.169980737  12  4  8 M
 0.180971049  12  4  7 M
 0.205447507  12  4  6 M
 0.232269214  12  4  5 M
 0.258404073  12  3  5 M
 0.275772644  12  3  4 M
 0.310309938  12  3  5 M
 0.339889694  12  2  5 M
 0.365678599  12  1  5 M
 0.409372522  12  1  6 M
 0.458895027  12  1  5 M
 0.480515709  12  2  5 M
 0.502304528  12  2  4 M
 0.533211910  12  3  4 M
 0.555096822  12  4  4 M
 0.571589825  12  3  4 M
 0.611040478  12  4  4 M
 0.640224969  12  5  4 M
 0.686003271  12  4  4 M
 0.727312329  12  5  4 M
 0.745713889  12  4  4 M
 0.764401210  12  4  5 M
 0.797206247  12  5  5 M
 0.842419393  12  4  5 M
 0.871289418  12  3  5 M
 0.896640651  12  3  4 M
 0.929655095  12  4  4 M
 0.973548369  12  4  3 M
 0.000000000  3  6  0 D
 0.003134097  3  5  0 D
 0.028185669  3  5  1 D
 0.064814311  3  4  1 D
 0.093960405  3  4  2 D
 0.115054577  3  5  2 D
 0.145242045  3  5  1 D
 0.186559084  3  5  0 D
 0.230076202  3  5  14 D
 0.279155550  3  5  0 D
 0.297929738  3  5  14 D
 0.339012963  3  6  14 D
 0.362769439  3  5  14 D
 0.395295102  3  4  14 D
 0.431718524  3  4  13 D
 0.455932503  3  5  13 D
 0.500602950  3  5  12 D
 0.523152704  3  5  13 D
 0.550658935  3  4  13 D
 0.588850691  3  4  12 D
 0.638379439  3  4  13 D
 0.670770041  3  4  12 D
 0.707369934  3  3  12 D
 0.740231644  3  3  11 D
 0.753705886  3  2  11 D
 0.772069406  3  3  11 D
 0.814052545  3  3  12 D
 0.850458381  3  3  13 D
 0.880815462  3  3  14 D
 0.896784067  3  3  13 D
 0.927878015  3  3  14 D
 0.949723873  3  2  14 D
 0.973618968  3  2  0 D
 0.992289160  3  3  0 D
 0.000000000  8  2  4 I
 0.003631062  8  3  4 I
 0.036867736  8  3  3 I
 0.086076039  8  4  3 I
 0.128342764  8  4  2 I
 0.145286968  8  5  2 I
 0.186635264  8  6  2 I
 0.235777398  8  5  2 I
 0.247761170  8  4  2 I
 0.288813576  8  4  1 I
 0.334690158  8  3  1 I
 0.354299016  8  2  1 I
 0.366456942  8  1  1 I
 0.380124919  8  0  1 I
 0.414009799  8  1  1 I
 0.450370859  8  1  2 I
 0.463269149  8  0  2 I
 0.487907190  8  0  3 I
 0.517911975  8  0  2 I
 0.530473875  8  0  1 I
 0.566600891  8  0  2 I
 0.588950024  8  1  2 I
 0.603575470  8  0  2 I
 0.631620412  8  0  1 I
 0.660656720  8  1  1 I
 0.699736557  8  2  1 I
 0.712182220  8  1  1 I
 0.747342002  8  1  0 I
 0.771841499  8  1  1 I
 0.808804557  8  1  0 I
 0.852458156  8  0  0 I
 0.870968635  8  14  0 I
 0.921070549  8  14  14 I
 0.967918501  8  13  14 I
 0.993492958  8  13  13 I
 1.026072318  8  13  14 I
 1.075377112  8  14  14 I
 1.102513851  8  0  14 I
 0.000000000  13  12  6 N
 0.004123929  13  11  6 N
 0.049126321  13  12  6 N
 0.069472510  13  13  6 N
 0.102981859  13  14  6 N
 0.139647683  13  13  6 N
 0.150129993  13  14  6 N
 0.197440240  13  14  7 N
 0.228374605  13  0  7 N
 0.248768604  13  14  7 N
 0.279692948  13  14  8 N
 0.316866214  13  14  7 N
 0.330193863  13  14  6 N
 0.364785628  13  14  7 N
 0.389571661  13  13  7 N
 0.431097209  13  14  7 N
 0.442512228  13  13  7 N
 0.460166729  13  12  7 N
 0.478484907  13  12  8 N
 0.527222938  13  12  9 N
 0.570925331  13  12  8 N
 0.613910880  13  12  9 N
 0.651334658  13  12  10 N
 0.699024887  13  12  11 N
 0.721742912  13  12  12 N
 0.734057943  13  11  12 N
 0.779879783  13  11  13 N
 0.824266377  13  10  13 N
 0.847548797  13  10  12 N
 0.868714391  13  10  13 N
 0.892732435  13  10  12 N
 0.914053069  13  10  11 N
 0.929545004  13  10  12 N
 0.973495987  13  10  11 N
 0.998991848  13  10  12 N
 1.045118245  13  10  13 N
 1.074334432  13  10  14 N
 1.117830032  13  10  13 N
 1.163018205  13  10  12 N
 1.182087506  13  9  12 N
 1.228300202  13  8  12 N
 1.241651176  13  8  11 N
 1.253095726  13  7  11 N
 1.293943152  13  7  12 N
 1.313603210  13  7  11 N
 1.337021334  13  6  11 N
 0.000000000  9  6  4 J
 0.003735422  9  6  5 J
 0.037426053  9  6  4 J
 0.066433226  9  6  5 J
 0.088459509  9  7  5 J
 0.115953217  9  7  6 J
 0.141364056  9  8  6 J
 0.173250005  9  9  6 J
 0.215049241  9  9  5 J
 0.237751623  9  8  5 J
 0.276787050  9  8  4 J
 0.303334125  9  7  4 J
 0.339875214  9  7  5 J
 0.351650492  9  7  6 J
 0.374688312  9  7  5 J
 0.398144248  9  7  4 J
 0.422836011  9  7  5 J
 0.456784492  9  7  4 J
 0.487478992  9  6  4 J
 0.504202868  9  6  3 J
 0.543039090  9  7  3 J
 0.579500041  9  7  2 J
 0.602444832  9  6  2 J
 0.612626629  9  6  1 J
 0.625497765  9  5  1 J
 0.648441275  9  5  2 J
 0.671150294  9  6  2 J
 0.719180012  9  7  2 J
 0.741385669  9  7  1 J
 0.769718103  9  8  1 J
 0.814052611  9  9  1 J
 0.850490183  9  10  1 J
 0.879678349  9  11  1 J
 0.910596265  9  10  1 J
 0.956342274  9  9  1 J
 0.984334408  9  10  1 J
 1.001186950  9  10  2 J
 1.029736476  9  10  3 J
 1.058817009  9  10  2 J
 1.076668318  9  10  1 J
 1.122115031  9  9  1 J
 1.149353670  9  9  0 J
 1.196820721  9  8  0 J
 1.213377156  9  8  14 J
 1.246192786  9  7  14 J
 1.274398475  9  7  0 J
 1.307723362  9  6  0 J
 1.353245596  9  5  0 J
 1.391354689  9  6  0 J
 1.434950309  9  5  0 J
 1.463284225  9  5  1 J
 1.485615978  9  6  1 J
 1.498673158  9  6  2 J
 1.518920517  9  6  3 J
 1.559479011  9  7  3 J
 1.604795189  9  8  3 J
 1.616693015  9  7  3 J
 1.634116302  9  7  2 J
 1.656300846  9  7  3 J
 0.000000000  4  13  8 E
 0.003240865  4  12  8 E
 0.028808507  4  12  9 E
 0.056564407  4  11  9 E
 0.075277561  4  11  8 E
 0.089687309  4  12  8 E
 0.123551874  4  12  9 E
 0.165817364  4  13  9 E
 0.209844473  4  13  8 E
 0.220730655  4  12  8 E
 0.243062154  4  12  7 E
 0.254870963  4  12  8 E
 0.269415560  4  11  8 E
 0.295496986  4  10  8 E
 0.312919323  4  10  7 E
 0.339382175  4  10  6 E
 0.355973239  4  9  6 E
 0.397241816  4  10  6 E
 0.428758000  4  10  7 E
 0.476514443  4  10  6 E
 0.496890633  4  10  5 E
 0.510031759  4  10  4 E
 0.533891931  4  11  4 E
 0.583959769  4  11  3 E
 0.616639447  4  11  4 E
 0.644366916  4  11  5 E
 0.660656664  4  11  6 E
 0.680630936  4  12  6 E
 0.729867971  4  12  5 E
 0.755383909  4  12  6 E
 0.803472312  4  12  7 E
 0.822969357  4  12  6 E
 0.864375098  4  13  6 E
 0.913166246  4  13  5 E
 0.926337534  4  13  6 E
 0.941661996  4  12  6 E
 0.981930148  4  13  6 E
 1.025976289  4  13  5 E
 1.075148680  4  13  6 E
 1.103897028  4  13  7 E
 1.124983329  4  13  8 E
 1.165744402  4  13  9 E
 1.189224689  4  12  9 E
 1.229041283  4  12  8 E
 1.272957734  4  13  8 E
 1.314402407  4  13  7 E
 1.357283542  4  13  6 E
 1.387575554  4  13  7 E
 1.416903489  4  12  7 E
 1.454316360  4  12  8 E
 1.499987247  4  12  7 E
 1.526612616  4  12  8 E
 1.559479072  4  13  8 E
 1.604795240  4  12  8 E
 1.616678235  4  13  8 E
 1.666382302  4  13  9 E
 1.703747665  4  14  9 E
 1.715019413  4  14  8 E
 1.750685052  4  14  9 E
 1.771761367  4  13  9 E
 1.806535739  4  13  10 E
 1.820929836  4  14  10 E
 1.833044435  4  14  9 E
 1.868727123  4  0  9 E
 1.916969790  4  0  9 e
 0.000000000  5  11  9 F
 0.003337925  5  10  9 F
 0.045971507  5  10  10 F
 0.075497772  5  10  11 F
 0.113785577  5  11  11 F
 0.152373174  5  12  11 F
 0.197276686  5  13  11 F
 0.215276868  5  14  11 F
 0.234773020  5  14  12 F
 0.251850522  5  0  12 F
 0.267856690  5  1  12 F
 0.297170869  5  1  11 F
 0.317516812  5  1  12 F
 0.357699843  5  2  12 F
 0.395245415  5  2  11 F
 0.437197965  5  3  11 F
 0.449697828  5  4  11 F
 0.482386374  5  5  11 F
 0.500960345  5  5  12 F
 0.550727136  5  5  13 F
 0.598212831  5  5  12 F
 0.639407143  5  6  12 F
 0.679181907  5  6  13 F
 0.692518556  5  5  13 F
 0.741407515  5  6  13 F
 0.761912059  5  6  14 F
 0.795610039  5  7  14 F
 0.806244314  5  7  13 F
 0.825400556  5  6  13 F
 0.864088986  5  6  12 F
 0.883164870  5  6  13 F
 0.919226649  5  5  13 F
 0.954685364  5  4  13 F
 0.986179204  5  5  13 F
 1.008533046  5  5  12 F
 1.045604984  5  5  11 F
 1.082459413  5  6  11 F
 1.103838297  5  7  11 F
 1.140766332  5  6  11 F
 1.164108673  5  7  11 F
 1.189965596  5  6  11 F
 1.227418233  5  5  11 F
 1.276084146  5  6  11 F
 1.325156078  5  6  10 F
 1.370817556  5  6  9 F
 1.408227352  5  6  10 F
 1.434953350  5  6  9 F
 1.470423293  5  7  9 F
 1.506884101  5  8  9 F
 1.543633043  5  8  10 F
 1.559479055  5  7  10 F
 1.604795252  5  8  10 F
 1.615931890  5  9  10 F
 1.653699938  5  8  10 F
 1.664000838  5  8  9 F
 1.711834551  5  8  10 F
 1.727676420  5  8  9 F
 1.763793239  5  9  9 F
 1.798714401  5  10  9 F
 1.844301858  5  9  9 F
 1.863848286  5  9  10 F
 1.897921446  5  9  11 F
 1.943458352  5  9  12 F
 1.989969184  5  9  11 F
 2.000565017  5  9  12 F
 2.042262357  5  9  13 F
 2.072858329  5  8  13 F
 2.108383446  5  9  13 F
 2.118787380  5  9  14 F
 2.158497328  5  9  0 F
 2.177408410  5  8  0 F
 2.215727922  5  9  0 F
 2.232944189  5  9  14 F
 2.271194351  5  9  0 F
 2.311448301  5  9  1 F
 2.353711112  5  10  1 F
 2.366398863  5  10  2 F
 2.410228110  5  10  1 F
 2.444244078  5  10  0 F
 2.454928082  5  10  14 F
 2.500791099  5  10  0 F
 2.545767718  5  9  0 F
 2.558614653  5  10  0 F
 2.604854451  5  9  0 F
 2.653351093  5  9  14 F
 0.000000000  10  9  11 K
 0.003832698  10  8  11 K
 0.045221869  10  8  10 K
 0.087306932  10  7  10 K
 0.134548195  10  8  10 K
 0.181934825  10  7  10 K
 0.226499677  10  6  10 K
 0.262508693  10  5  10 K
 0.275411790  10  6  10 K
 0.300507204  10  5  10 K
 0.331006444  10  6  10 K
 0.350792912  10  7  10 K
 0.394279641  10  8  10 K
 0.447873874  10  9  10 K
 0.483136606  10  10  10 K
 0.508045631  10  9  10 K
 0.529044892  10  8  10 K
 0.557356155  10  9  10 K
 0.605093589  10  9  9 K
 0.630495830  10  9  10 K
 0.666762959  10  8  10 K
 0.713550278  10  9  10 K
 0.757324853  10  10  10 K
 0.776142941  10  11  10 K
 0.823416359  10  12  10 K
 0.863192637  10  12  9 K
 0.909738405  10  12  8 K
 0.934514834  10  11  8 K
 0.980639417  10  12  8 K
 1.017960188  10  11  8 K
 1.041647764  10  12  8 K
 1.063751310  10  11  8 K
 1.091960479  10  11  7 K
 1.105313838  10  11  6 K
 1.133242837  10  10  6 K
 1.178877356  10  10  5 K
 1.189342370  10  9  5 K
 1.202122087  10  10  5 K
 1.235765539  10  10  4 K
 1.285458119  10  10  5 K
 1.321655032  10  9  5 K
 1.344937564  10  8  5 K
 1.368588419  10  9  5 K
 1.392345140  10  8  5 K
 1.408058221  10  8  6 K
 1.448814255  10  9  6 K
 1.482875774  10  8  6 K
 1.531362354  10  9  6 K
 1.557587800  10  10  6 K
 1.598493582  10  10  7 K
 1.638653532  10  9  7 K
 1.654799958  10  9  6 K
 1.692008963  10  8  6 K
 1.710561629  10  8  5 K
 1.735370253  10  8  4 K
 1.761776647  10  8  3 K
 1.783428583  10  9  3 K
 1.815623837  10  9  4 K
 1.830137044  10  9  3 K
 1.876909658  10  9  4 K
 1.905320522  10  9  5 K
 1.927866062  10  10  5 K
 1.938993488  10  11  5 K
 1.980024773  10  11  6 K
 2.019734375  10  10  6 K
 2.059495206  10  10  5 K
 2.090276469  10  11  5 K
 2.137696600  10  12  5 K
 2.150742165  10  12  6 K
 2.197191728  10  13  6 K
 2.236379957  10  13  7 K
 2.266295008  10  13  8 K
 2.290654708  10  12  8 K
 2.340791602  10  12  9 K
 2.356083560  10  12  8 K
 2.384858612  10  12  7 K
 2.422839222  10  12  8 K
 2.450438834  10  12  7 K
 2.475199155  10  11  7 K
 2.489993362  10  11  6 K
 2.530852663  10  10  6 K
 2.554147587  10  10  5 K
 2.585906179  10  10  6 K
 2.629607829  10  10  5 K
 2.649422067  10  10  6 K
 2.690755060  10  10  7 K
 2.722554336  10  10  7 k
