-1  15  15  15
 0.000000000  1  3  5 B
 0.038760533  1  3  6 B
 0.072589499  1  3  7 B
 0.087167551  1  3  8 B
 0.128538880  1  3  8 b
 0.000000000  14  2  7 O
 0.040809215  14  2  8 O
 0.061852745  14  2  7 O
 0.135552886  14  2  8 O
 0.159322327  14  2  8 o
 0.000000000  9  3  14 J
 0.040011560  9  2  14 J
 0.070279824  9  3  14 J
 0.086189635  9  3  13 J
 0.103832218  9  2  13 J
 0.115136387  9  1  13 J
 0.160024454  9  0  13 J
 0.186011222  9  0  14 J
 0.210759303  9  1  14 J
 0.243737083  9  1  0 J
 0.256467260  9  1  14 J
 0.285155868  9  0  14 J
 0.312186748  9  14  14 J
 0.000000000  12  5  2 M
 0.040505152  12  5  1 M
 0.073137179  12  4  1 M
 0.087014834  12  3  1 M
 0.116228441  12  2  1 M
 0.142715117  12  1  1 M
 0.188380115  12  1  0 M
 0.211546323  12  2  0 M
 0.255788451  12  2  14 M
 0.295569984  12  2  0 M
 0.343277322  12  2  14 M
 0.362895446  12  1  14 M
 0.405542040  12  1  0 M
 0.423862214  12  1  14 M
 0.471530646  12  0  14 M
 0.502034258  12  0  0 M
 0.513571995  12  1  0 M
 0.000000000  7  5  8 H
 0.039732191  7  4  8 H
 0.084549533  7  4  7 H
 0.105213506  7  3  7 H
 0.139654927  7  4  7 H
 0.150978831  7  5  7 H
 0.179836422  7  4  7 H
 0.191735252  7  5  7 H
 0.212865153  7  5  6 H
 0.248947244  7  5  7 H
 0.296985642  7  5  8 H
 0.326567865  7  5  9 H
 0.375023851  7  6  9 H
 0.415953056  7  5  9 H
 0.457160515  7  4  9 H
 0.503902896  7  5  9 H
 0.518094087  7  5  10 H
 0.531647057  7  5  10 h
 0.000000000  3  10  13 D
 0.039152577  3  9  13 D
 0.068723844  3  8  13 D
 0.116014395  3  8  12 D
 0.135687644  3  9  12 D
 0.150058162  3  9  13 D
 0.195037879  3  9  12 D
 0.211233739  3  9  11 D
 0.257938251  3  8  11 D
 0.305034615  3  7  11 D
 0.340654035  3  7  10 D
 0.365916192  3  7  9 D
 0.386514272  3  7  10 D
 0.436673637  3  8  10 D
 0.449561726  3  7  10 D
 0.490491659  3  7  9 D
 0.502203161  3  6  9 D
 0.522468236  3  5  9 D
 0.564277017  3  5  9 d
 0.000000000  5  0  13 F
 0.039440695  5  0  12 F
 0.055499024  5  0  11 F
 0.105232572  5  1  11 F
 0.137237998  5  2  11 F
 0.156157062  5  2  12 F
 0.190193989  5  2  13 F
 0.224176692  5  1  13 F
 0.257481340  5  1  12 F
 0.300687553  5  1  11 F
 0.339665432  5  2  11 F
 0.360517743  5  1  11 F
 0.385989667  5  0  11 F
 0.407112219  5  0  12 F
 0.435919329  5  0  13 F
 0.468757233  5  14  13 F
 0.494396725  5  14  12 F
 0.542424408  5  0  12 F
 0.588715852  5  0  11 F
 0.602678493  5  14  11 F
 0.638467308  5  13  11 F
 0.000000000  0  1  5 A
 0.038629152  0  1  6 A
 0.075335018  0  1  5 A
 0.112029256  0  1  4 A
 0.141005351  0  2  4 A
 0.188273228  0  2  3 A
 0.230327085  0  3  3 A
 0.272166928  0  3  2 A
 0.300155942  0  2  2 A
 0.323177716  0  3  2 A
 0.352380282  0  3  1 A
 0.378264353  0  3  0 A
 0.404666044  0  3  1 A
 0.419957938  0  3  0 A
 0.461587460  0  4  0 A
 0.507108625  0  3  0 A
 0.549681227  0  3  14 A
 0.596801406  0  3  14 a
 0.000000000  4  2  11 E
 0.039289728  4  3  11 E
 0.052239408  4  2  11 E
 0.098942277  4  2  12 E
 0.142242741  4  3  12 E
 0.168819731  4  4  12 E
 0.186628408  4  4  11 E
 0.236258868  4  4  12 E
 0.249867803  4  4  13 E
 0.296288285  4  3  13 E
 0.333004258  4  4  13 E
 0.361103277  4  4  12 E
 0.377346964  4  3  12 E
 0.414996806  4  4  12 E
 0.452156649  4  3  12 E
 0.465209388  4  2  12 E
 0.478017525  4  1  12 E
 0.523041218  4  1  13 E
 0.547694751  4  1  14 E
 0.576009294  4  2  14 E
 0.618138013  4  2  14 e
 0.000000000  11  3  4 L
 0.040344027  11  4  4 L
 0.055069718  11  4  5 L
 0.075754476  11  3  5 L
 0.123514668  11  2  5 L
 0.141348896  11  1  5 L
 0.189162904  11  2  5 L
 0.223056896  11  2  6 L
 0.250616299  11  2  5 L
 0.263813984  11  3  5 L
 0.276461549  11  2  5 L
 0.322621178  11  2  4 L
 0.363612606  11  2  5 L
 0.383247834  11  3  5 L
 0.425273576  11  3  6 L
 0.449865790  11  3  7 L
 0.473008550  11  3  6 L
 0.491155544  11  2  6 L
 0.509779082  11  3  6 L
 0.537046151  11  4  6 L
 0.551676309  11  3  6 L
 0.595748770  11  3  5 L
 0.609394468  11  3  4 L
 0.656358837  11  2  4 L
 0.694388363  11  1  4 L
 0.728703006  11  1  5 L
 0.000000000  6  9  5 G
 0.039590302  6  10  5 G
 0.091264525  6  11  5 G
 0.128780924  6  11  4 G
 0.177736621  6  12  4 G
 0.208646654  6  13  4 G
 0.223546357  6  13  3 G
 0.246644408  6  13  2 G
 0.277488105  6  13  3 G
 0.313464902  6  14  3 G
 0.342992504  6  14  2 G
 0.373970282  6  13  2 G
 0.420335525  6  13  1 G
 0.441828157  6  13  2 G
 0.470949873  6  12  2 G
 0.498272840  6  11  2 G
 0.525179111  6  10  2 G
 0.574915144  6  10  1 G
 0.593373407  6  11  1 G
 0.640994207  6  10  1 G
 0.665949602  6  11  1 G
 0.697387889  6  12  1 G
 0.726748848  6  13  1 G
 0.754115548  6  12  1 G
 0.767864780  6  13  1 G
 0.787443601  6  13  0 G
 0.817642939  6  14  0 G
 0.847150245  6  13  0 G
 0.860856326  6  12  0 G
 0.000000000  8  2  7 I
 0.039870151  8  2  6 I
 0.089184600  8  2  7 I
 0.101158746  8  1  7 I
 0.135200331  8  0  7 I
 0.170980319  8  0  8 I
 0.183379468  8  0  7 I
 0.197235578  8  0  8 I
 0.217501441  8  14  8 I
 0.257214926  8  14  7 I
 0.273890234  8  14  8 I
 0.315946799  8  0  8 I
 0.344737915  8  0  7 I
 0.368944190  8  0  8 I
 0.401762328  8  0  7 I
 0.418625272  8  0  8 I
 0.451530526  8  0  7 I
 0.480841578  8  0  6 I
 0.515501234  8  14  6 I
 0.545180824  8  13  6 I
 0.578744044  8  13  7 I
 0.617218984  8  13  6 I
 0.633466347  8  13  7 I
 0.682946356  8  14  7 I
 0.726127267  8  13  7 I
 0.754514131  8  14  7 I
 0.799459041  8  0  7 I
 0.812013468  8  1  7 I
 0.847332430  8  1  8 I
 0.891297700  8  1  9 I
 0.902963581  8  2  9 I
 0.925293018  8  2  10 I
 0.958597296  8  2  11 I
 0.991185800  8  2  12 I
 1.005550748  8  1  12 I
 1.016548154  8  1  13 I
 1.054931932  8  0  13 I
 1.065949363  8  0  14 I
 1.106559109  8  1  14 I
 1.137340454  8  1  14 i
 0.000000000  13  8  1 N
 0.040661258  13  7  1 N
 0.077545475  13  6  1 N
 0.095837746  13  7  1 N
 0.112173147  13  7  2 N
 0.151713430  13  8  2 N
 0.184082045  13  7  2 N
 0.211081963  13  8  2 N
 0.234762398  13  9  2 N
 0.270454213  13  10  2 N
 0.303954771  13  10  3 N
 0.320859575  13  10  4 N
 0.348979348  13  11  4 N
 0.392205835  13  11  5 N
 0.405913701  13  10  5 N
 0.467095056  13  11  5 N
 0.498400892  13  11  6 N
 0.525880695  13  12  6 N
 0.561876619  13  11  6 N
 0.572664600  13  11  5 N
 0.605332803  13  11  4 N
 0.622672314  13  11  5 N
 0.648879922  13  11  6 N
 0.665356171  13  11  5 N
 0.679764564  13  10  5 N
 0.719535604  13  10  6 N
 0.766381924  13  11  6 N
 0.798839344  13  11  5 N
 0.845035288  13  12  5 N
 0.892090397  13  12  4 N
 0.914912221  13  12  5 N
 0.980360506  13  12  4 N
 0.999608503  13  12  5 N
 1.025450198  13  11  5 N
 1.052498125  13  11  6 N
 1.098894973  13  11  5 N
 1.120276832  13  12  5 N
 1.136236740  13  13  5 N
 1.157974918  13  14  5 N
 1.201009527  13  13  5 N
 1.234069175  13  14  5 N
 1.273024110  13  14  4 N
 1.315233861  13  13  4 N
 1.352720939  13  13  5 N
 1.382834369  13  13  6 N
 1.397008049  13  12  6 N
 1.422997893  13  12  7 N
 1.468754379  13  13  7 N
 1.496890380  13  13  8 N
 1.513577216  13  14  8 N
 1.558779324  13  14  7 N
 1.606642959  13  13  7 N
 1.638403918  13  13  8 N
 1.671869115  13  14  8 N
 1.697387097  13  0  8 N
 1.712188822  13  0  7 N
 0.000000000  10  13  2 K
 0.040192990  10  14  2 K
 0.082288148  10  13  2 K
 0.112741630  10  12  2 K
 0.134792802  10  12  3 K
 0.168811602  10  12  2 K
 0.213177157  10  12  3 K
 0.260149035  10  11  3 K
 0.275255083  10  11  4 K
 0.298761337  10  11  5 K
 0.324427003  10  10  5 K
 0.339939571  10  9  5 K
 0.372977269  10  9  6 K
 0.396177007  10  9  5 K
 0.410314959  10  10  5 K
 0.436175983  10  10  4 K
 0.466057231  10  10  3 K
 0.491920996  10  11  3 K
 0.537700254  10  12  3 K
 0.560707446  10  12  4 K
 0.587635094  10  12  3 K
 0.623559545  10  11  3 K
 0.648342746  10  11  2 K
 0.678695669  10  10  2 K
 0.704917469  10  9  2 K
 0.717609792  10  9  1 K
 0.749151202  10  8  1 K
 0.779566275  10  9  1 K
 0.823383720  10  8  1 K
 0.873467454  10  8  0 K
 0.887462647  10  8  14 K
 0.922482025  10  8  13 K
 0.935910238  10  8  14 K
 0.951553816  10  8  0 K
 0.996436366  10  9  0 K
 1.007003288  10  8  0 K
 1.051726795  10  8  14 K
 1.078565580  10  9  14 K
 1.127330067  10  10  14 K
 1.169390831  10  9  14 K
 1.205627446  10  10  14 K
 1.229236409  10  10  0 K
 1.246717833  10  9  0 K
 1.295279036  10  10  0 K
 1.336986562  10  11  0 K
 1.386206246  10  11  14 K
 1.407080800  10  10  14 K
 1.455287031  10  10  13 K
 1.479453208  10  11  13 K
 1.509215688  10  11  12 K
 1.528321507  10  10  12 K
 1.578257963  10  11  12 K
 1.623217429  10  11  13 K
 1.668632542  10  12  13 K
 1.686567344  10  12  14 K
 1.732263751  10  12  13 K
 1.769757783  10  13  13 K
 1.789002308  10  12  13 K
 1.828608921  10  11  13 K
 1.854067292  10  12  13 K
 1.902000357  10  11  13 K
 1.928007325  10  11  13 k
 0.000000000  2  13  7 C
 0.038919119  2  13  6 C
 0.057882553  2  14  6 C
 0.077353657  2  14  5 C
 0.095587081  2  0  5 C
 0.130915258  2  0  4 C
 0.156249419  2  0  5 C
 0.175913370  2  14  5 C
 0.195658384  2  13  5 C
 0.206181934  2  13  6 C
 0.219838988  2  13  7 C
 0.250705062  2  12  7 C
 0.272213738  2  11  7 C
 0.297331919  2  11  6 C
 0.339219968  2  10  6 C
 0.358798331  2  9  6 C
 0.369466499  2  10  6 C
 0.387260489  2  10  7 C
 0.429419959  2  9  7 C
 0.442903352  2  9  6 C
 0.464737561  2  9  7 C
 0.506762824  2  10  7 C
 0.529312219  2  10  8 C
 0.564685613  2  10  7 C
 0.611680568  2  10  8 C
 0.654463892  2  11  8 C
 0.697515072  2  11  7 C
 0.747513472  2  11  6 C
 0.776112934  2  12  6 C
 0.797538595  2  11  6 C
 0.846015789  2  11  5 C
 0.893060944  2  12  5 C
 0.941548216  2  11  5 C
 0.979320023  2  11  6 C
 1.011423990  2  11  7 C
 1.044447000  2  11  8 C
 1.076017944  2  11  9 C
 1.092836249  2  11  8 C
 1.141161152  2  10  8 C
 1.185520507  2  11  8 C
 1.231163124  2  10  8 C
 1.265110312  2  9  8 C
 1.289168514  2  9  7 C
 1.326837471  2  8  7 C
 1.343038580  2  8  6 C
 1.359871786  2  8  7 C
 1.401804580  2  9  7 C
 1.440969211  2  9  8 C
 1.466876117  2  9  9 C
 1.512694298  2  10  9 C
 1.563171606  2  9  9 C
 1.594293317  2  10  9 C
 1.617598273  2  9  9 C
 1.654994669  2  10  9 C
 1.675141578  2  10  10 C
 1.724624146  2  10  9 C
 1.735268723  2  11  9 C
 1.755703449  2  11  10 C
 1.793475200  2  11  9 C
 1.833348932  2  11  10 C
 1.875125739  2  11  11 C
 1.891963468  2  11  12 C
 1.929352784  2  11  12 c
